%YAML:1.0
---
K: !!opencv-matrix
   rows: 3
   cols: 3
   dt: d
   data: [4.6115862106007575e+02, 0, 3.6265929181685937e+02, 
          0, 4.5975286598073296e+02, 2.4852105668448124e+02, 
          0, 0, 1]

D: !!opencv-matrix
    rows: 1
    cols: 5
    dt: d
    data: [-2.9545645106987750e-01, 8.6623215640186171e-02, 2.0132892276082517e-06, 1.3924531371276508e-05, 0]