%YAML:1.0
---
K: !!opencv-matrix
   rows: 3
   cols: 3
   dt: d
   data: [4.6115862106007575e+02, 0, 3.6265929181685937e+02, 
          0, 4.5975286598073296e+02, 2.4852105668448124e+02, 
          0, 0, 1]

D: !!opencv-matrix
    rows: 1
    cols: 5
    dt: d
    data: [-2.9545645106987750e-01, 8.6623215640186171e-02, 2.0132892276082517e-06, 1.3924531371276508e-05, 0]

body_T_cam: !!opencv-matrix
   rows: 4
   cols: 4
   dt: d
   data: [0.0148655429818, -0.999880929698, 0.00414029679422, -0.0216401454975,
           0.999557249008, 0.0149672133247, 0.025715529948,  -0.064676986768,
           -0.0257744366974, 0.00375618835797, 0.999660727178, 0.00981073058949,
           0, 0, 0, 1]