%YAML:1.0
---
K: !!opencv-matrix
   rows: 3
   cols: 3
   dt: d
   data: [585.6, 0, 3.7314916359808268e+02, 
          0, 4.5890983492218902e+02, 2.5440734973672119e+02, 
          0, 0, 1]

D: !!opencv-matrix
    rows: 1
    cols: 5
    dt: d
    data: [-2.9294124381930947e-01, 8.4798002331543665e-02, -2.9984646536002372e-04, 3.0028216325237329e-04, 0]

body_T_cam: !!opencv-matrix
   rows: 4
   cols: 4
   dt: d
   data: [1., 0., 0., -0.07,
          0., 1., 0.,  0.0,
          0., 0., 1., -0.04,
          0., 0., 0.,  1.]