%YAML:1.0
---
K: !!opencv-matrix
   rows: 3
   cols: 3
   dt: d
   data: [392.413342, 0, 317.985862, 0, 523.374307, 285.643448, 0, 0, 1]

D: !!opencv-matrix
    rows: 1
    cols: 5
    dt: d
    data: [-0.320021, 0.095541, -0.000691, 0.000255, 0]

body_T_cam: !!opencv-matrix
   rows: 4
   cols: 4
   dt: d
   data: [0.0125552670891, -0.999755099723, 0.0182237714554, -0.0198435579556,
           0.999598781151, 0.0130119051815, 0.0251588363115, 0.0453689425024,
          -0.0253898008918, 0.0179005838253, 0.999517347078, 0.00786212447038,
          0, 0, 0, 1]