%YAML:1.0
---
K: !!opencv-matrix
   rows: 3
   cols: 3
   dt: d
   data: [707.0912, 0, 601.8873, 
          0, 707.0912, 183.1104, 
          0, 0, 1]

D: !!opencv-matrix
    rows: 1
    cols: 5
    dt: d
    data: [0., 0., 0., 0., 0.]

body_T_cam: !!opencv-matrix
   rows: 4
   cols: 4
   dt: d
   data: [1., 0., 0., 0.537,
          0., 1., 0., 0.0,
          0., 0., 1., 0.0,
          0., 0., 0.,  1.]